image_width: 1280
image_height: 960
camera_name: elp_left 
camera_matrix:
  rows: 3
  cols: 3
  data: [840.032298, 0.000000, 692.586423, 0.000000, 838.804585, 516.178469, 0.000000, 0.000000, 1.000000]
distortion_model: plumb_bob
distortion_coefficients:
  rows: 1
  cols: 5
  data: [-0.377259, 0.118919, 0.000593, 0.000109, 0.000000]
rectification_matrix:
  rows: 3
  cols: 3
  data: [1.000000, 0.000000, 0.000000, 0.000000, 1.000000, 0.000000, 0.000000, 0.000000, 1.000000]
projection_matrix:
  rows: 3
  cols: 4
  data: [625.471069, 0.000000, 712.410764, 0.000000, 0.000000, 711.699768, 531.311885, 0.000000, 0.000000, 0.000000, 1.000000, 0.000000]
